# 1830 Bunsei Kyoto Earthquake (JMA intensity by Nishiyama; Vs30 by Hallo)
#  N  Latitude  Longitude  Int  Sigma  Vs30  Note
   1  36.85205  136.98775  3.00  1.00   -1.0 e
   2  34.48708  136.70532  4.00  1.00   -1.0 E
   3  36.56615  136.65154  3.00  1.00   -1.0 e
   4  35.26754  136.25882  4.00  1.00   -1.0 E
   5  36.06390  136.21328  3.00  1.00   -1.0 e
   6  35.15393  136.17882  4.00  1.00   -1.0 E
   7  34.97357  136.16837  4.00  1.00   -1.0 E
   8  35.11577  136.12007  4.00  1.00   -1.0 E
   9  35.13820  136.08935  4.00  1.00   -1.0 4
  10  35.13692  136.08907  4.00  1.00   -1.0 E
  11  35.08750  136.08233  4.00  1.00   -1.0 E
  12  35.00643  135.86922  4.00  1.00   -1.0 4
  13  35.00561  135.86915  4.00  1.00   -1.0 4
  14  35.01171  135.86418  4.75  1.00   -1.0 5-
  15  35.01434  135.85922  4.00  1.00   -1.0 4
  16  35.01195  135.85920  4.00  1.00   -1.0 4
  17  34.68704  135.83757  3.00  1.00   -1.0 e
  18  34.68507  135.83056  4.00  1.00   -1.0 E
  19  34.90025  135.81887  4.75  1.00  468.6 5-
  20  34.88996  135.81321  4.75  1.00   -1.0 5-
  21  34.89297  135.80626  5.75  1.00  394.2 6-
  22  34.91526  135.80430  5.25  1.00  401.6 5+
  23  35.05390  135.80366  4.75  1.00   -1.0 5-
  24  35.04979  135.80315  5.25  1.00   -1.0 5+
  25  34.82885  135.79673  3.00  1.00  326.7 e
  26  35.00869  135.79001  5.75  1.00   -1.0 6-
  27  34.99467  135.78558  5.25  1.00   -1.0 5+
  28  34.66796  135.78518  4.00  1.00   -1.0 E
  29  34.99505  135.78490  5.25  1.00  431.0 5+
  30  34.99478  135.78461  4.75  1.00  431.0 5-
  31  34.99564  135.78448  5.25  1.00  426.9 5+
  32  34.99514  135.78448  5.75  1.00  431.0 6-
  33  34.99477  135.78446  4.75  1.00  431.0 5-
  34  34.99524  135.78390  4.75  1.00  405.3 5-
  35  34.99535  135.78295  5.25  1.00  405.3 5+
  36  34.99537  135.78283  5.25  1.00  409.9 5+
  37  35.00984  135.78110  5.25  1.00  377.1 5+
  38  35.01920  135.78096  5.25  1.00  320.9 5+
  39  35.00932  135.78085  5.75  1.00  377.1 6-
  40  35.00956  135.78024  5.75  1.00  377.1 6-
  41  34.99856  135.77924  4.75  1.00  378.0 5-
  42  35.00366  135.77830  4.75  1.00  377.7 5-
  43  34.99040  135.77539  4.75  1.00  400.1 5-
  44  34.96352  135.77522  4.75  1.00  407.1 5-
  45  34.98904  135.77471  5.25  1.00  400.1 5+
  46  34.99155  135.77293  5.25  1.00  400.1 5+
  47  35.01452  135.77289  5.25  1.00  351.0 5+
  48  35.00681  135.77279  5.25  1.00  395.7 5+
  49  35.03829  135.77241  4.75  1.00  346.1 5-
  50  34.99192  135.77194  5.25  1.00  400.1 5+
  51  34.99091  135.77139  5.25  1.00  400.1 5+
  52  34.99962  135.77084  5.25  1.00  400.1 5+
  53  34.99674  135.77053  5.75  1.00  400.1 6-
  54  34.99145  135.77032  4.75  1.00  400.1 5-
  55  34.99566  135.76958  5.25  1.00  400.1 5+
  56  34.98983  135.76883  5.25  1.00  400.1 5+
  57  34.99534  135.76834  5.75  1.00  400.1 6-
  58  35.01684  135.76799  5.25  1.00  335.7 5+
  59  35.00737  135.76775  6.25  1.00  395.7 6+
  60  35.02475  135.76734  5.75  1.00  454.2 6-
  61  35.01630  135.76712  5.75  1.00  335.7 6-
  62  35.01786  135.76705  5.25  1.00  341.8 5+
  63  35.01891  135.76667  4.75  1.00  341.8 5-
  64  35.02699  135.76660  5.25  1.00  454.2 5+
  65  34.99037  135.76646  5.75  1.00  400.1 6-
  66  34.93106  135.76586  5.25  1.00  304.4 5+
  67  34.94273  135.76514  5.75  1.00  328.8 6-
  68  35.02231  135.76511  4.75  1.00  454.2 5-
  69  35.02265  135.76508  4.75  1.00  454.2 5-
  70  35.02512  135.76465  5.25  1.00  454.2 5+
  71  35.02251  135.76462  4.75  1.00  454.2 5-
  72  34.99879  135.76421  4.75  1.00  395.7 5-
  73  35.02165  135.76418  5.25  1.00  454.2 5+
  74  35.02392  135.76372  5.25  1.00  454.2 5+
  75  35.01885  135.76323  4.75  1.00  343.8 5-
  76  35.01769  135.76315  5.75  1.00  343.8 6-
  77  35.01808  135.76302  4.75  1.00  343.8 5-
  78  34.99128  135.76298  5.25  1.00  400.1 5+
  79  35.02569  135.76287  4.75  1.00  454.2 5-
  80  35.02535  135.76283  4.75  1.00  454.2 5-
  81  35.02597  135.76280  4.75  1.00  454.2 5-
  82  35.02574  135.76260  4.75  1.00  454.2 5-
  83  35.02492  135.76255  4.75  1.00  454.2 5-
  84  35.02456  135.76255  4.75  1.00  454.2 5-
  85  35.00129  135.76237  5.25  1.00  395.7 5+
  86  35.02569  135.76236  4.75  1.00  454.2 5-
  87  35.02632  135.76235  4.75  1.00  454.2 5-
  88  35.02323  135.76221  4.75  1.00  454.2 5-
  89  35.02632  135.76184  4.75  1.00  454.2 5-
  90  35.00934  135.76178  5.25  1.00  395.7 5+
  91  35.02442  135.76170  4.75  1.00  454.2 5-
  92  35.02448  135.76133  4.75  1.00  454.2 5-
  93  34.99960  135.76129  5.25  1.00  395.7 5+
  94  35.00410  135.76061  5.75  1.00  395.7 6-
  95  34.99893  135.75956  5.75  1.00  337.0 6-
  96  34.92950  135.75870  4.75  1.00  247.3 5-
  97  34.99906  135.75748  5.25  1.00  337.0 5+
  98  35.05551  135.75607  5.25  1.00  348.0 5+
  99  34.99097  135.75604  5.25  1.00  322.4 5+
 100  35.02911  135.75400  5.25  1.00  328.4 5+
 101  34.99581  135.75273  6.25  1.00  338.5 6+
 102  34.99110  135.75270  5.25  1.00  333.9 5+
 103  34.98981  135.75208  5.25  1.00  337.4 5+
 104  35.51361  135.75192  3.00  1.00   -1.0 e
 105  35.02627  135.75187  5.75  1.00  334.0 6-
 106  35.02604  135.75181  5.25  1.00  334.0 5+
 107  34.98968  135.75174  5.75  1.00  337.4 6-
 108  35.01287  135.75106  5.25  1.00  535.4 5+
 109  35.01296  135.75102  5.25  1.00  535.4 5+
 110  35.01277  135.75100  5.25  1.00  535.4 5+
 111  34.99093  135.75098  5.25  1.00  337.4 5+
 112  34.99075  135.75071  5.25  1.00  337.4 5+
 113  35.01396  135.75066  5.25  1.00  535.4 5+
 114  35.01308  135.75031  4.75  1.00  535.4 5-
 115  35.01329  135.75022  4.75  1.00  535.4 5-
 116  35.01558  135.74994  5.75  1.00  535.4 6-
 117  35.01338  135.74994  4.75  1.00  535.4 5-
 118  35.01349  135.74971  4.75  1.00  535.4 5-
 119  35.00673  135.74968  4.75  1.00  358.6 5-
 120  35.01374  135.74963  4.75  1.00  535.4 5-
 121  35.01388  135.74943  4.75  1.00  535.4 5-
 122  35.01417  135.74938  4.75  1.00  535.4 5-
 123  34.99149  135.74937  5.75  1.00  345.1 6-
 124  34.99149  135.74937  5.25  1.00  345.1 5+
 125  35.01658  135.74931  5.25  1.00  535.4 5+
 126  35.01529  135.74864  5.75  1.00  535.4 6-
 127  35.01404  135.74844  5.25  1.00  535.4 5+
 128  35.01381  135.74842  5.25  1.00  535.4 5+
 129  35.01306  135.74832  5.75  1.00  535.4 6-
 130  35.01287  135.74832  5.75  1.00  535.4 6-
 131  35.01256  135.74815  5.75  1.00  535.4 6-
 132  35.02698  135.74701  5.25  1.00  328.1 5+
 133  35.00721  135.74680  5.25  1.00  335.6 5+
 134  35.01421  135.74678  5.75  1.00  535.4 6-
 135  35.01292  135.74639  5.75  1.00  535.4 6-
 136  35.01155  135.74543  5.25  1.00  535.4 5+
 137  35.01197  135.74317  5.25  1.00  535.4 5+
 138  35.01694  135.74166  5.25  1.00  535.4 5+
 139  35.03053  135.73507  5.25  1.00  544.8 5+
 140  35.02182  135.72333  5.75  1.00  412.5 6-
 141  34.90353  135.72051  5.75  1.00  264.5 6-
 142  34.90459  135.71835  5.75  1.00  256.5 6-
 143  35.03109  135.71381  5.25  1.00  433.4 5+
 144  35.02842  135.67863  5.25  1.00  381.8 5+
 145  35.05500  135.66965  5.25  1.00   -1.0 5+
 146  34.81849  135.64886  4.00  1.00   -1.0 4
 147  35.05786  135.63414  6.25  1.00   -1.0 6+
 148  35.00948  135.59489  5.75  1.00  415.6 6-
 149  35.00922  135.59031  4.75  1.00  279.5 5-
 150  35.00913  135.58854  5.75  1.00  279.5 6-
 151  35.00806  135.58706  4.75  1.00  279.5 5-
 152  35.01348  135.58098  4.75  1.00  257.0 5-
 153  35.01787  135.57379  5.25  1.00  379.6 5+
 154  35.01994  135.57203  5.75  1.00  379.6 6-
 155  35.02273  135.57038  5.75  1.00  379.6 6-
 156  35.03046  135.55661  4.75  1.00  357.8 5-
 157  34.68485  135.51115  3.00  1.00   -1.0 e
 158  35.10547  135.46913  5.25  1.00  593.9 5+
 159  34.82679  135.42600  4.00  1.00   -1.0 E
 160  34.74573  135.36864  3.00  1.00   -1.0 e
 161  35.46048  134.87428  4.00  1.00   -1.0 S
 162  35.54458  134.82343  4.00  1.00   -1.0 E
 163  35.33929  132.73403  3.00  1.00   -1.0 e
